const data = {
  "https://19216811.uno": [
    [9, 28, 7, 56],
    [8, 27, 7, 58],
    [8, 27, 6, 59],
    [9, 27, 6, 58],
    [8, 27, 7, 59],
    [8, 26, 6, 60],
    [8, 27, 6, 59],
    [9, 28, 7, 55],
    [9, 28, 8, 55],
    [9, 28, 8, 55],
    [9, 28, 8, 56],
    [9, 27, 7, 57],
    [9, 27, 8, 57],
    [9, 27, 7, 57],
    [8, 27, 7, 57],
    [8, 27, 7, 57],
    [8, 26, 8, 58],
    [8, 26, 7, 59],
    [8, 25, 7, 60],
    [7, 21, 6, 65],
    [7, 20, 6, 68],
    [7, 18, 5, 70],
    [7, 18, 5, 70],
    [7, 18, 5, 70],
    [7, 18, 5, 69],
    [8, 18, 5, 69],
    [7, 18, 5, 70],
    [7, 17, 5, 71],
    [7, 18, 5, 70],
    [7, 18, 5, 70],
    [9, 21, 6, 64],
    [9, 20, 6, 66],
    [9, 20, 6, 66],
    [9, 20, 6, 65],
    [9, 20, 6, 66],
    [9, 19, 6, 66],
    [9, 20, 6, 66],
    [9, 20, 6, 65],
    [9, 21, 6, 64],
    [9, 20, 6, 65],
    [9, 19, 6, 66],
    [8, 19, 6, 67],
    [9, 19, 6, 66],
    [8, 19, 6, 66],
    [9, 19, 6, 66],
    [9, 20, 6, 65],
  ],
  "https://4f.com.pl": [
    [1, 20, 7, 71],
    [1, 22, 8, 68],
    [2, 26, 10, 63],
    [2, 24, 10, 64],
    [2, 25, 9, 65],
    [1, 22, 8, 68],
    [2, 22, 9, 68],
    [2, 24, 11, 63],
    [2, 23, 11, 64],
    [2, 23, 11, 64],
    [2, 24, 10, 64],
    [2, 22, 9, 68],
    [2, 20, 9, 69],
    [2, 20, 8, 70],
    [2, 20, 9, 70],
    [2, 20, 8, 71],
    [2, 18, 8, 72],
    [1, 17, 8, 73],
    [1, 17, 8, 74],
    [1, 11, 6, 82],
    [1, 8, 5, 87],
    [1, 6, 3, 90],
    [0, 4, 2, 94],
    [0, 3, 2, 95],
    [1, 8, 5, 87],
    [1, 8, 5, 86],
    [1, 7, 4, 89],
    [1, 7, 4, 89],
    [1, 7, 4, 87],
    [1, 14, 8, 77],
    [2, 15, 8, 75],
    [2, 16, 8, 74],
    [2, 17, 9, 72],
    [2, 16, 8, 74],
    [2, 15, 7, 75],
    [2, 13, 6, 79],
    [1, 12, 6, 81],
    [1, 11, 6, 82],
    [1, 14, 7, 77],
    [1, 13, 6, 80],
    [1, 10, 6, 83],
    [1, 10, 6, 83],
    [1, 11, 6, 82],
    [1, 11, 6, 81],
    [1, 11, 6, 82],
    [1, 12, 6, 80],
  ],
  "https://actualidad.rt.com": [
    [3, 43, 8, 46],
    [2, 42, 8, 47],
    [3, 44, 9, 44],
    [3, 44, 9, 44],
    [3, 44, 9, 43],
    [3, 43, 9, 45],
    [3, 42, 9, 46],
    [3, 42, 9, 46],
    [3, 42, 9, 47],
    [3, 42, 9, 47],
    [3, 41, 8, 47],
    [3, 40, 8, 49],
    [3, 40, 8, 49],
    [3, 41, 8, 48],
    [3, 41, 8, 48],
    [3, 41, 8, 48],
    [3, 40, 8, 49],
    [3, 38, 8, 51],
    [3, 37, 8, 52],
    [3, 29, 7, 61],
    [2, 24, 6, 67],
    [2, 22, 6, 70],
    [2, 22, 6, 71],
    [2, 21, 6, 71],
    [2, 22, 6, 70],
    [3, 23, 7, 66],
    [6, 25, 6, 63],
    [4, 25, 6, 66],
    [4, 25, 6, 66],
    [3, 25, 6, 67],
    [4, 26, 6, 65],
    [4, 27, 6, 63],
    [4, 27, 7, 63],
    [4, 28, 6, 62],
    [3, 27, 6, 63],
    [3, 24, 6, 67],
    [4, 25, 6, 65],
    [4, 25, 6, 65],
    [4, 25, 6, 65],
    [3, 24, 5, 67],
    [4, 23, 5, 68],
    [4, 21, 6, 69],
    [4, 21, 5, 70],
    [4, 21, 6, 70],
    [3, 21, 5, 70],
    [4, 24, 6, 65],
  ],
  "https://akispetretzikis.com": [
    [3, 24, 7, 66],
    [4, 28, 9, 60],
    [5, 29, 9, 57],
    [6, 31, 11, 53],
    [5, 29, 11, 55],
    [4, 29, 10, 57],
    [4, 27, 10, 58],
    [4, 27, 10, 59],
    [4, 27, 11, 58],
    [4, 27, 10, 59],
    [4, 26, 8, 63],
    [5, 28, 11, 57],
    [4, 28, 10, 59],
    [4, 28, 9, 59],
    [4, 28, 10, 59],
    [3, 27, 9, 60],
    [3, 25, 9, 63],
    [3, 24, 9, 64],
    [3, 24, 10, 64],
    [3, 19, 9, 70],
    [3, 15, 7, 75],
    [3, 14, 7, 77],
    [2, 14, 7, 77],
    [5, 20, 9, 67],
    [4, 21, 10, 66],
    [5, 22, 10, 64],
    [5, 21, 10, 64],
    [4, 20, 10, 66],
    [4, 20, 10, 66],
    [5, 20, 11, 65],
    [5, 23, 13, 58],
    [6, 23, 14, 56],
    [6, 24, 14, 57],
    [6, 23, 14, 56],
    [5, 23, 14, 58],
    [6, 24, 15, 55],
    [6, 24, 15, 55],
    [6, 25, 15, 54],
    [6, 23, 14, 58],
    [5, 23, 13, 59],
    [5, 21, 13, 61],
    [5, 21, 13, 62],
    [5, 20, 13, 62],
    [5, 20, 14, 61],
    [4, 21, 13, 62],
    [4, 21, 12, 63],
  ],
  "https://alison.com": [
    [9, 42, 12, 38],
    [9, 42, 12, 37],
    [9, 43, 12, 36],
    [9, 44, 12, 35],
    [8, 43, 12, 37],
    [9, 43, 12, 37],
    [8, 43, 12, 37],
    [9, 42, 12, 38],
    [9, 41, 11, 38],
    [9, 41, 11, 39],
    [8, 40, 11, 41],
    [9, 41, 11, 39],
    [8, 39, 11, 41],
    [8, 39, 11, 42],
    [8, 39, 11, 42],
    [8, 37, 10, 44],
    [8, 38, 10, 44],
    [8, 36, 10, 46],
    [8, 36, 10, 45],
    [7, 28, 9, 55],
    [7, 25, 8, 60],
    [7, 23, 8, 62],
    [7, 22, 8, 63],
    [7, 22, 8, 63],
    [7, 23, 8, 62],
    [7, 24, 8, 61],
    [7, 24, 8, 60],
    [7, 23, 8, 62],
    [7, 23, 8, 63],
    [7, 24, 8, 62],
    [7, 24, 8, 60],
    [7, 25, 8, 59],
    [7, 25, 8, 59],
    [7, 25, 8, 60],
    [7, 25, 8, 60],
    [7, 23, 8, 62],
    [8, 24, 8, 61],
    [7, 23, 8, 62],
    [8, 23, 7, 62],
    [7, 23, 7, 63],
    [7, 22, 7, 64],
    [7, 21, 7, 65],
    [7, 22, 7, 64],
    [7, 22, 7, 64],
    [7, 22, 7, 64],
    [8, 24, 8, 61],
  ],
  "https://allevents.in": [
    [5, 37, 11, 48],
    [4, 36, 11, 49],
    [4, 35, 11, 49],
    [5, 33, 12, 51],
    [6, 34, 12, 49],
    [6, 33, 12, 49],
    [6, 33, 12, 49],
    [6, 35, 11, 48],
    [6, 33, 12, 49],
    [6, 35, 11, 48],
    [6, 34, 12, 48],
    [5, 35, 11, 49],
    [6, 35, 11, 48],
    [6, 35, 11, 49],
    [5, 34, 11, 50],
    [6, 33, 11, 50],
    [6, 32, 12, 50],
    [6, 30, 11, 53],
    [6, 30, 11, 53],
    [5, 24, 10, 61],
    [5, 21, 9, 66],
    [4, 19, 7, 69],
    [4, 19, 8, 68],
    [4, 20, 7, 69],
    [4, 20, 8, 67],
    [5, 21, 9, 66],
    [4, 20, 8, 67],
    [4, 19, 8, 69],
    [4, 19, 8, 69],
    [4, 19, 9, 68],
    [5, 21, 9, 65],
    [5, 21, 9, 65],
    [5, 20, 8, 67],
    [4, 20, 7, 69],
    [4, 19, 8, 70],
    [4, 19, 7, 70],
    [5, 20, 8, 68],
    [5, 20, 8, 68],
    [5, 20, 8, 67],
    [5, 20, 8, 67],
    [5, 19, 8, 68],
    [5, 19, 8, 68],
    [5, 19, 8, 69],
    [4, 19, 8, 69],
    [4, 19, 8, 70],
    [4, 21, 8, 66],
  ],
  "https://aminoapps.com": [
    [10, 30, 9, 51],
    [11, 31, 10, 49],
    [12, 36, 12, 40],
    [13, 38, 13, 37],
    [12, 38, 12, 38],
    [11, 37, 11, 41],
    [10, 37, 11, 41],
    [11, 36, 12, 42],
    [11, 36, 12, 40],
    [11, 36, 12, 41],
    [10, 35, 11, 44],
    [10, 35, 11, 44],
    [10, 36, 12, 43],
    [9, 35, 11, 45],
    [10, 35, 10, 45],
    [11, 33, 10, 46],
    [10, 35, 10, 46],
    [8, 34, 9, 48],
    [8, 34, 9, 49],
    [7, 27, 8, 58],
    [7, 23, 8, 61],
    [7, 22, 9, 63],
    [7, 22, 8, 64],
    [8, 21, 8, 64],
    [8, 21, 8, 63],
    [8, 22, 8, 63],
    [8, 21, 7, 64],
    [7, 21, 7, 65],
    [6, 20, 7, 67],
    [6, 21, 7, 67],
    [5, 21, 6, 67],
    [7, 22, 7, 64],
    [6, 21, 7, 65],
    [6, 22, 7, 66],
    [6, 20, 7, 67],
    [6, 19, 8, 67],
    [6, 20, 8, 66],
    [6, 21, 8, 65],
    [6, 23, 8, 62],
    [6, 21, 8, 64],
    [7, 18, 8, 66],
    [6, 17, 8, 68],
    [6, 17, 7, 71],
    [5, 17, 7, 71],
    [6, 18, 8, 69],
    [6, 19, 8, 67],
  ],
  "https://app.slack.com": [
    [92, 6, 2, 0],
    [92, 6, 2, 0],
    [92, 5, 2, 1],
    [91, 5, 2, 1],
    [91, 5, 2, 1],
    [91, 5, 2, 2],
    [91, 5, 2, 2],
    [91, 5, 2, 2],
    [91, 5, 2, 2],
    [91, 5, 2, 2],
    [91, 5, 2, 2],
    [92, 5, 2, 2],
    [92, 5, 2, 2],
    [92, 4, 2, 2],
    [93, 4, 1, 2],
    [93, 4, 1, 2],
    [93, 4, 1, 2],
    [92, 4, 1, 2],
    [92, 4, 1, 2],
    [90, 4, 1, 5],
    [89, 3, 1, 6],
    [89, 3, 1, 7],
    [89, 3, 1, 7],
    [90, 3, 1, 6],
    [89, 3, 1, 7],
    [91, 3, 1, 5],
    [91, 3, 1, 5],
    [89, 3, 1, 7],
    [88, 3, 1, 8],
    [87, 3, 1, 9],
    [86, 3, 1, 9],
    [88, 4, 1, 7],
    [88, 4, 1, 6],
    [88, 4, 1, 7],
    [87, 4, 1, 8],
    [87, 4, 1, 8],
    [87, 4, 1, 7],
    [87, 4, 1, 7],
    [88, 4, 1, 7],
    [85, 4, 1, 9],
    [84, 3, 2, 11],
    [84, 3, 1, 11],
    [84, 4, 1, 11],
    [85, 4, 1, 10],
    [85, 4, 1, 10],
    [87, 4, 1, 8],
  ],
  "https://arabic.rt.com": [
    [1, 21, 4, 74],
    [1, 23, 5, 71],
    [3, 29, 6, 62],
    [3, 29, 7, 62],
    [2, 28, 7, 63],
    [2, 27, 6, 64],
    [2, 27, 6, 65],
    [2, 26, 6, 66],
    [2, 26, 6, 66],
    [2, 26, 6, 66],
    [2, 27, 6, 65],
    [2, 27, 6, 65],
    [2, 26, 6, 66],
    [2, 25, 6, 66],
    [2, 25, 6, 67],
    [2, 24, 6, 68],
    [2, 24, 6, 69],
    [2, 23, 5, 70],
    [2, 22, 5, 71],
    [2, 18, 5, 75],
    [2, 15, 5, 79],
    [2, 15, 4, 79],
    [2, 14, 5, 79],
    [2, 14, 5, 80],
    [2, 14, 4, 80],
    [3, 16, 4, 78],
    [3, 17, 5, 76],
    [2, 15, 4, 80],
    [2, 15, 4, 79],
    [2, 15, 4, 79],
    [2, 17, 4, 77],
    [2, 16, 5, 78],
    [3, 17, 5, 76],
    [2, 18, 5, 75],
    [2, 17, 5, 76],
    [2, 16, 5, 77],
    [2, 16, 5, 77],
    [2, 16, 5, 77],
    [2, 16, 5, 77],
    [2, 14, 5, 79],
    [2, 14, 5, 80],
    [2, 13, 5, 80],
    [2, 14, 5, 79],
    [2, 14, 5, 79],
    [2, 14, 4, 79],
    [3, 17, 5, 75],
  ],
  "https://aternos.org": [
    [33, 40, 10, 17],
    [33, 41, 10, 17],
    [32, 43, 10, 16],
    [32, 42, 9, 17],
    [33, 40, 10, 17],
    [33, 40, 10, 17],
    [32, 41, 10, 17],
    [32, 39, 11, 18],
    [32, 39, 11, 19],
    [31, 39, 11, 19],
    [30, 39, 11, 19],
    [30, 39, 11, 19],
    [30, 40, 11, 19],
    [30, 40, 11, 19],
    [30, 40, 11, 20],
    [29, 39, 11, 21],
    [28, 39, 11, 22],
    [27, 38, 10, 25],
    [26, 37, 10, 26],
    [23, 30, 9, 38],
    [21, 26, 9, 44],
    [20, 24, 8, 48],
    [20, 24, 8, 49],
    [20, 24, 8, 47],
    [20, 25, 9, 46],
    [21, 28, 9, 42],
    [20, 26, 9, 45],
    [19, 25, 8, 48],
    [19, 24, 8, 49],
    [20, 25, 8, 47],
    [21, 25, 8, 46],
    [21, 27, 8, 43],
    [22, 28, 8, 43],
    [22, 27, 8, 43],
    [21, 25, 8, 47],
    [21, 25, 8, 46],
    [21, 27, 8, 44],
    [21, 26, 8, 45],
    [22, 29, 8, 41],
    [20, 24, 8, 48],
    [20, 21, 8, 51],
    [20, 21, 7, 52],
    [21, 21, 7, 51],
    [21, 22, 7, 50],
    [20, 21, 7, 51],
    [21, 25, 8, 46],
  ],
  "https://au.shein.com": [
    [3, 31, 7, 59],
    [3, 34, 8, 55],
    [4, 39, 9, 48],
    [4, 42, 8, 45],
    [5, 43, 8, 44],
    [5, 36, 8, 50],
    [4, 37, 8, 50],
    [4, 38, 8, 50],
    [4, 37, 8, 51],
    [3, 36, 8, 53],
    [4, 36, 7, 53],
    [3, 36, 7, 53],
    [3, 36, 7, 53],
    [3, 35, 7, 54],
    [4, 36, 7, 53],
    [3, 36, 7, 54],
    [3, 35, 7, 54],
    [3, 34, 7, 55],
    [4, 35, 7, 55],
    [4, 28, 6, 62],
    [3, 23, 5, 68],
    [3, 20, 5, 72],
    [4, 20, 5, 71],
    [4, 19, 5, 72],
    [4, 19, 5, 72],
    [4, 21, 5, 70],
    [3, 20, 5, 73],
    [3, 18, 5, 74],
    [3, 18, 5, 74],
    [3, 18, 5, 74],
    [3, 19, 5, 73],
    [3, 20, 5, 72],
    [3, 21, 5, 71],
    [3, 22, 5, 70],
    [3, 22, 5, 70],
    [3, 20, 5, 72],
    [3, 20, 5, 71],
    [3, 20, 5, 71],
    [4, 21, 5, 70],
    [3, 20, 5, 72],
    [3, 19, 5, 73],
    [3, 19, 4, 73],
    [3, 19, 5, 73],
    [3, 19, 5, 73],
    [3, 19, 5, 73],
    [3, 22, 5, 70],
  ],
  "https://auto.ria.com": [
    [0, 12, 2, 86],
    [0, 15, 2, 83],
    [1, 24, 4, 71],
    [3, 28, 6, 63],
    [4, 27, 6, 63],
    [5, 25, 6, 64],
    [6, 25, 6, 63],
    [6, 24, 6, 64],
    [1, 23, 5, 71],
    [1, 24, 4, 71],
    [1, 25, 4, 70],
    [1, 24, 4, 71],
    [1, 24, 4, 71],
    [1, 24, 4, 71],
    [1, 24, 4, 70],
    [1, 24, 4, 71],
    [1, 23, 4, 72],
    [1, 23, 4, 72],
    [1, 21, 4, 74],
    [1, 16, 3, 80],
    [1, 13, 3, 83],
    [1, 12, 3, 85],
    [1, 12, 3, 85],
    [1, 12, 3, 85],
    [1, 12, 3, 85],
    [1, 12, 3, 84],
    [1, 14, 3, 82],
    [1, 14, 3, 82],
    [1, 13, 3, 83],
    [1, 14, 3, 82],
    [1, 15, 3, 81],
    [1, 15, 3, 81],
    [1, 15, 3, 81],
    [1, 15, 3, 81],
    [1, 15, 3, 80],
    [1, 14, 3, 82],
    [1, 14, 3, 81],
    [1, 13, 3, 82],
    [1, 14, 3, 82],
    [1, 14, 3, 82],
    [1, 13, 3, 83],
    [1, 14, 3, 82],
    [1, 14, 3, 82],
    [1, 14, 3, 82],
    [1, 14, 3, 82],
    [1, 15, 4, 80],
  ],
  "https://badoo.com": [
    [38, 39, 12, 11],
    [37, 40, 12, 10],
    [38, 40, 12, 10],
    [38, 38, 12, 11],
    [37, 38, 12, 13],
    [34, 39, 13, 14],
    [29, 42, 12, 16],
    [36, 37, 11, 15],
    [34, 38, 12, 16],
    [34, 38, 12, 16],
    [32, 39, 12, 17],
    [34, 37, 12, 17],
    [34, 37, 12, 16],
    [32, 38, 12, 17],
    [33, 38, 13, 17],
    [31, 39, 12, 18],
    [32, 37, 13, 18],
    [32, 36, 13, 19],
    [32, 36, 12, 20],
    [28, 29, 10, 32],
    [27, 25, 9, 39],
    [26, 22, 8, 44],
    [25, 23, 8, 44],
    [25, 23, 9, 43],
    [26, 22, 9, 43],
    [27, 24, 9, 40],
    [29, 23, 9, 40],
    [27, 22, 8, 42],
    [27, 22, 9, 42],
    [27, 23, 8, 41],
    [29, 22, 8, 40],
    [30, 26, 9, 35],
    [33, 26, 10, 31],
    [33, 26, 10, 31],
    [29, 23, 9, 38],
    [32, 23, 10, 35],
    [34, 26, 10, 31],
    [34, 26, 10, 30],
    [35, 28, 10, 27],
    [30, 23, 9, 37],
    [30, 19, 9, 41],
    [30, 21, 9, 41],
    [29, 22, 8, 40],
    [29, 21, 9, 40],
    [29, 21, 9, 40],
    [34, 23, 11, 32],
  ],
  "https://bazar.bg": [
    [1, 14, 3, 82],
    [1, 16, 3, 79],
    [2, 25, 6, 68],
    [2, 25, 6, 68],
    [2, 24, 6, 69],
    [2, 23, 5, 70],
    [1, 22, 5, 71],
    [1, 21, 5, 72],
    [1, 21, 5, 73],
    [2, 26, 8, 64],
    [2, 24, 8, 66],
    [2, 24, 7, 67],
    [2, 23, 7, 68],
    [2, 23, 6, 69],
    [2, 23, 6, 68],
    [2, 23, 6, 69],
    [2, 22, 6, 70],
    [2, 20, 6, 72],
    [2, 20, 6, 72],
    [1, 15, 5, 79],
    [1, 12, 4, 82],
    [1, 11, 4, 84],
    [1, 10, 4, 85],
    [1, 10, 4, 85],
    [1, 11, 4, 83],
    [1, 11, 4, 83],
    [1, 11, 4, 84],
    [1, 10, 4, 85],
    [1, 11, 4, 84],
    [1, 11, 4, 84],
    [1, 12, 5, 82],
    [2, 12, 5, 81],
    [2, 13, 5, 81],
    [2, 12, 5, 81],
    [2, 12, 5, 82],
    [2, 11, 5, 83],
    [2, 11, 5, 82],
    [2, 11, 4, 83],
    [2, 11, 4, 83],
    [2, 10, 4, 84],
    [1, 10, 4, 85],
    [1, 9, 4, 85],
    [2, 10, 4, 84],
    [1, 10, 4, 85],
    [1, 10, 4, 85],
    [1, 11, 4, 83],
  ],
  "https://belluna.jp": [
    [21, 19, 7, 53],
    [22, 20, 7, 51],
    [21, 21, 7, 51],
    [24, 22, 8, 46],
    [26, 21, 8, 45],
    [23, 20, 7, 49],
    [22, 22, 8, 48],
    [21, 23, 8, 48],
    [22, 22, 9, 48],
    [23, 20, 8, 49],
    [23, 20, 7, 50],
    [22, 21, 8, 49],
    [22, 20, 7, 50],
    [21, 22, 8, 50],
    [20, 21, 7, 51],
    [21, 21, 8, 50],
    [21, 21, 7, 51],
    [19, 22, 8, 51],
    [17, 20, 8, 56],
    [14, 15, 7, 64],
    [16, 14, 7, 64],
    [18, 12, 6, 64],
    [18, 12, 6, 65],
    [18, 12, 6, 64],
    [16, 12, 6, 66],
    [16, 13, 7, 64],
    [16, 12, 6, 66],
    [16, 12, 6, 67],
    [16, 12, 6, 66],
    [14, 11, 6, 69],
    [12, 10, 4, 74],
    [11, 7, 5, 77],
    [12, 9, 5, 75],
    [13, 7, 3, 77],
    [12, 6, 3, 79],
    [12, 7, 3, 78],
    [13, 8, 4, 75],
    [14, 9, 5, 72],
    [14, 10, 5, 71],
    [15, 9, 6, 71],
    [11, 10, 5, 74],
    [11, 8, 6, 75],
    [12, 9, 5, 74],
    [11, 10, 5, 74],
    [11, 9, 4, 75],
    [14, 9, 6, 70],
  ],
  "https://bengali.abplive.com": [
    [31, 41, 7, 21],
    [41, 38, 8, 14],
    [47, 31, 10, 12],
    [45, 30, 8, 17],
    [20, 38, 19, 23],
    [28, 40, 6, 27],
    [27, 40, 7, 27],
    [25, 42, 6, 28],
    [22, 39, 7, 32],
    [24, 39, 6, 31],
    [21, 42, 5, 32],
    [24, 40, 6, 31],
    [23, 40, 7, 30],
    [5, 56, 11, 28],
    [6, 58, 10, 26],
    [6, 59, 9, 26],
    [6, 56, 11, 27],
    [4, 55, 9, 33],
    [4, 52, 8, 36],
    [3, 41, 7, 48],
    [4, 34, 6, 57],
    [4, 32, 7, 57],
    [3, 30, 7, 60],
    [4, 29, 6, 61],
    [3, 30, 7, 60],
    [5, 33, 7, 54],
    [4, 31, 6, 59],
    [3, 30, 6, 61],
    [3, 31, 6, 59],
    [3, 29, 7, 62],
    [4, 36, 9, 51],
    [4, 31, 8, 57],
    [4, 34, 7, 55],
    [5, 29, 7, 59],
    [3, 32, 7, 58],
    [5, 29, 6, 60],
    [4, 30, 5, 62],
    [4, 32, 6, 58],
    [5, 31, 7, 58],
    [4, 28, 6, 62],
    [5, 27, 6, 63],
    [5, 31, 6, 58],
    [5, 32, 6, 57],
    [4, 26, 6, 64],
    [3, 21, 4, 72],
    [5, 30, 7, 59],
  ],
  "https://bi.ua": [
    [1, 17, 4, 78],
    [1, 20, 5, 75],
    [1, 27, 8, 64],
    [2, 26, 8, 64],
    [1, 25, 7, 67],
    [1, 24, 7, 68],
    [1, 23, 7, 69],
    [1, 22, 7, 70],
    [1, 22, 7, 70],
    [1, 22, 7, 70],
    [1, 23, 7, 69],
    [1, 21, 6, 72],
    [1, 21, 5, 73],
    [1, 20, 5, 74],
    [1, 20, 5, 74],
    [1, 19, 5, 74],
    [1, 19, 5, 75],
    [1, 18, 5, 77],
    [1, 17, 4, 78],
    [0, 12, 4, 84],
    [1, 10, 3, 86],
    [1, 9, 3, 87],
    [1, 9, 3, 88],
    [1, 9, 3, 87],
    [1, 9, 3, 88],
    [1, 9, 3, 87],
    [0, 12, 4, 84],
    [1, 10, 3, 85],
    [1, 10, 4, 86],
    [1, 10, 4, 85],
    [1, 12, 3, 84],
    [1, 11, 4, 84],
    [1, 12, 3, 83],
    [1, 11, 4, 84],
    [1, 11, 4, 84],
    [1, 10, 4, 86],
    [1, 11, 4, 84],
    [1, 11, 4, 84],
    [1, 10, 4, 85],
    [1, 10, 4, 85],
    [1, 9, 3, 86],
    [1, 9, 4, 86],
    [1, 10, 4, 86],
    [1, 10, 3, 85],
    [1, 10, 3, 86],
    [1, 11, 4, 84],
  ],
  "https://biguz.net": [
    [2, 33, 18, 47],
    [2, 33, 18, 47],
    [2, 35, 18, 45],
    [2, 34, 18, 45],
    [2, 30, 16, 52],
    [2, 29, 15, 54],
    [1, 15, 8, 76],
    [2, 24, 12, 63],
    [2, 27, 13, 57],
    [2, 28, 13, 57],
    [2, 25, 12, 61],
    [2, 27, 13, 58],
    [2, 21, 10, 67],
    [2, 27, 13, 58],
    [1, 12, 7, 80],
    [1, 10, 6, 83],
    [1, 12, 6, 81],
    [1, 11, 6, 82],
    [1, 13, 7, 79],
    [1, 8, 5, 85],
    [1, 7, 4, 88],
    [1, 7, 4, 89],
    [1, 6, 4, 89],
    [1, 7, 4, 88],
    [1, 6, 4, 89],
    [1, 7, 4, 88],
    [1, 7, 5, 88],
    [1, 9, 5, 85],
    [1, 8, 5, 87],
    [1, 8, 5, 86],
    [1, 10, 6, 82],
    [2, 20, 12, 67],
    [2, 22, 13, 63],
    [1, 15, 9, 75],
    [1, 15, 9, 75],
    [1, 15, 8, 76],
    [1, 15, 8, 75],
    [1, 15, 8, 76],
    [2, 15, 8, 75],
    [1, 14, 8, 76],
    [1, 14, 7, 77],
    [1, 14, 7, 78],
    [1, 13, 7, 79],
    [1, 13, 7, 80],
    [1, 13, 7, 79],
    [1, 13, 7, 79],
  ],
  "https://binomo.com": [
    [15, 64, 10, 11],
    [11, 46, 10, 33],
    [9, 38, 9, 44],
    [12, 44, 10, 34],
    [11, 45, 9, 35],
    [11, 43, 8, 38],
    [7, 29, 7, 57],
    [9, 36, 7, 48],
    [9, 39, 7, 45],
    [8, 36, 7, 48],
    [9, 39, 8, 44],
    [1, 9, 4, 86],
    [2, 12, 5, 81],
    [8, 34, 8, 51],
    [3, 16, 6, 75],
    [5, 23, 6, 66],
    [8, 33, 7, 53],
    [9, 37, 7, 47],
    [7, 33, 6, 53],
    [7, 29, 6, 58],
    [6, 26, 5, 62],
    [5, 20, 4, 70],
    [8, 29, 6, 57],
    [8, 27, 6, 59],
    [2, 9, 3, 85],
    [2, 7, 2, 89],
    [3, 10, 3, 85],
    [5, 17, 4, 75],
    [5, 16, 4, 75],
    [5, 19, 4, 71],
    [4, 16, 4, 76],
    [5, 18, 6, 71],
    [5, 17, 5, 73],
    [3, 11, 4, 81],
    [6, 22, 6, 66],
    [3, 12, 3, 82],
    [4, 14, 4, 78],
    [5, 18, 5, 72],
    [8, 26, 6, 61],
    [4, 11, 4, 81],
    [9, 27, 6, 58],
    [4, 13, 3, 79],
    [4, 12, 3, 80],
    [5, 15, 4, 76],
    [7, 21, 5, 67],
    [6, 17, 4, 73],
  ],
  "https://blitz.bg": [
    [1, 24, 4, 71],
    [1, 26, 5, 69],
    [1, 36, 8, 55],
    [1, 36, 8, 55],
    [1, 35, 7, 56],
    [1, 36, 8, 55],
    [1, 35, 7, 56],
    [1, 36, 8, 55],
    [1, 36, 7, 55],
    [1, 34, 8, 57],
    [1, 36, 8, 55],
    [2, 37, 9, 52],
    [2, 37, 9, 53],
    [2, 37, 9, 52],
    [3, 37, 11, 50],
    [3, 36, 10, 51],
    [2, 35, 9, 53],
    [2, 34, 9, 55],
    [2, 31, 9, 58],
    [2, 22, 7, 69],
    [2, 17, 6, 75],
    [1, 15, 6, 78],
    [2, 15, 6, 78],
    [2, 14, 5, 79],
    [2, 14, 6, 79],
    [2, 15, 6, 77],
    [2, 15, 6, 77],
    [2, 14, 5, 79],
    [2, 15, 6, 78],
    [1, 15, 6, 78],
    [1, 15, 6, 78],
    [2, 15, 6, 78],
    [2, 15, 6, 77],
    [1, 16, 6, 77],
    [2, 16, 6, 77],
    [2, 14, 6, 78],
    [2, 14, 7, 77],
    [2, 14, 6, 78],
    [2, 16, 6, 77],
    [2, 14, 6, 78],
    [1, 13, 5, 80],
    [1, 12, 5, 81],
    [1, 12, 6, 81],
    [2, 13, 6, 80],
    [1, 12, 6, 81],
    [2, 14, 6, 79],
  ],
  "https://blox.land": [
    [53, 22, 15, 11],
    [59, 19, 13, 8],
    [57, 20, 15, 9],
    [57, 17, 16, 10],
    [57, 19, 15, 9],
    [56, 18, 17, 10],
    [54, 18, 17, 10],
    [57, 19, 17, 8],
    [57, 19, 18, 7],
    [57, 19, 15, 8],
    [54, 18, 20, 9],
    [48, 22, 20, 11],
    [51, 21, 18, 10],
    [50, 23, 17, 10],
    [50, 19, 21, 10],
    [49, 25, 16, 9],
    [49, 25, 16, 10],
    [48, 25, 15, 12],
    [49, 21, 18, 12],
    [43, 22, 14, 21],
    [40, 18, 13, 29],
    [40, 19, 11, 29],
    [40, 18, 12, 29],
    [41, 19, 12, 27],
    [41, 21, 13, 26],
    [42, 21, 14, 22],
    [43, 21, 12, 24],
    [40, 20, 13, 28],
    [40, 19, 12, 29],
    [38, 21, 13, 28],
    [38, 21, 13, 28],
    [41, 23, 14, 22],
    [42, 24, 15, 19],
    [43, 23, 14, 20],
    [40, 21, 12, 27],
    [43, 21, 13, 24],
    [45, 22, 13, 20],
    [45, 21, 13, 21],
    [43, 23, 14, 19],
    [39, 21, 12, 28],
    [37, 18, 12, 32],
    [37, 19, 12, 33],
    [35, 20, 12, 33],
    [35, 21, 13, 32],
    [35, 18, 12, 35],
    [34, 21, 12, 32],
  ],
  "https://bobo.grid.id": [
    [1, 29, 7, 63],
    [1, 27, 6, 67],
    [1, 23, 5, 71],
    [1, 23, 6, 70],
    [1, 22, 6, 72],
    [1, 22, 5, 72],
    [1, 25, 5, 69],
    [1, 24, 6, 69],
    [1, 23, 5, 71],
    [1, 24, 5, 69],
    [1, 25, 5, 69],
    [1, 26, 5, 68],
    [1, 27, 5, 66],
    [1, 27, 5, 68],
    [1, 26, 5, 69],
    [1, 25, 4, 70],
    [1, 24, 4, 70],
    [1, 23, 4, 72],
    [1, 24, 5, 70],
    [1, 19, 4, 77],
    [1, 15, 3, 80],
    [1, 14, 3, 82],
    [1, 14, 3, 82],
    [1, 14, 3, 82],
    [1, 16, 3, 79],
    [1, 16, 3, 80],
    [1, 15, 3, 81],
    [1, 15, 3, 81],
    [1, 16, 3, 81],
    [1, 15, 3, 82],
    [1, 20, 4, 75],
    [1, 19, 4, 76],
    [1, 18, 3, 77],
    [1, 19, 4, 76],
    [1, 19, 3, 76],
    [1, 17, 4, 78],
    [1, 22, 4, 73],
    [1, 21, 4, 74],
    [1, 20, 4, 75],
    [1, 19, 4, 77],
    [1, 18, 3, 78],
    [1, 15, 3, 80],
    [1, 19, 3, 77],
    [1, 18, 3, 78],
    [1, 17, 3, 79],
    [1, 18, 3, 78],
  ],
  "https://bola.kompas.com": [
    [1, 29, 6, 64],
    [0, 29, 7, 64],
    [0, 30, 7, 63],
    [0, 29, 7, 65],
    [0, 29, 7, 64],
    [1, 28, 7, 65],
    [0, 17, 5, 78],
    [1, 17, 4, 78],
    [1, 27, 6, 66],
    [1, 20, 5, 74],
    [1, 27, 6, 67],
    [1, 27, 6, 66],
    [1, 23, 5, 72],
    [1, 23, 5, 71],
    [1, 24, 5, 70],
    [1, 24, 5, 70],
    [1, 22, 4, 73],
    [1, 20, 5, 74],
    [1, 22, 5, 72],
    [0, 17, 4, 79],
    [0, 14, 3, 82],
    [1, 13, 3, 84],
    [1, 13, 3, 83],
    [1, 13, 3, 83],
    [1, 12, 3, 84],
    [1, 13, 3, 83],
    [1, 13, 3, 84],
    [1, 12, 4, 84],
    [1, 13, 3, 83],
    [1, 12, 4, 83],
    [1, 14, 3, 82],
    [1, 14, 3, 83],
    [1, 14, 4, 82],
    [1, 13, 3, 83],
    [2, 15, 4, 80],
    [1, 14, 4, 81],
    [1, 14, 3, 82],
    [1, 14, 3, 82],
    [1, 14, 3, 81],
    [1, 13, 3, 83],
    [1, 12, 3, 85],
    [1, 11, 3, 85],
    [0, 12, 3, 85],
    [1, 12, 3, 84],
    [1, 12, 3, 84],
    [1, 14, 3, 82],
  ],
  "https://bolavip.com": [
    [2, 37, 10, 51],
    [3, 39, 10, 49],
    [2, 36, 10, 52],
    [2, 34, 10, 54],
    [2, 35, 10, 53],
    [2, 34, 10, 53],
    [2, 35, 10, 53],
    [3, 35, 10, 52],
    [3, 37, 10, 50],
    [3, 35, 9, 53],
    [3, 35, 8, 55],
    [2, 34, 8, 56],
    [2, 33, 7, 58],
    [2, 33, 7, 57],
    [2, 33, 7, 57],
    [2, 32, 8, 57],
    [2, 33, 8, 57],
    [2, 31, 8, 59],
    [2, 32, 8, 58],
    [2, 24, 6, 67],
    [2, 22, 6, 70],
    [2, 20, 6, 72],
    [2, 19, 5, 73],
    [2, 20, 6, 72],
    [2, 20, 6, 72],
    [2, 20, 6, 71],
    [2, 19, 6, 73],
    [2, 19, 6, 73],
    [2, 19, 6, 73],
    [2, 18, 6, 73],
    [2, 19, 8, 70],
    [2, 20, 8, 69],
    [2, 20, 9, 69],
    [2, 19, 8, 71],
    [3, 21, 9, 68],
    [3, 18, 8, 72],
    [19, 24, 10, 47],
    [24, 21, 13, 41],
    [28, 26, 11, 35],
    [25, 19, 9, 48],
    [5, 16, 6, 73],
    [2, 16, 6, 76],
    [2, 16, 6, 76],
    [2, 15, 6, 76],
    [2, 17, 7, 74],
    [2, 19, 7, 71],
  ],
  "https://bongda24h.vn": [
    [3, 39, 13, 45],
    [3, 37, 13, 47],
    [3, 36, 14, 48],
    [3, 35, 15, 47],
    [3, 38, 12, 47],
    [3, 36, 12, 49],
    [3, 35, 12, 50],
    [2, 34, 12, 52],
    [3, 34, 12, 51],
    [3, 33, 11, 53],
    [3, 34, 11, 53],
    [3, 33, 11, 53],
    [3, 32, 11, 54],
    [2, 32, 11, 55],
    [3, 33, 12, 52],
    [3, 33, 11, 53],
    [2, 32, 11, 54],
    [4, 32, 10, 54],
    [3, 32, 11, 54],
    [2, 20, 5, 74],
    [2, 17, 4, 77],
    [2, 16, 4, 79],
    [1, 16, 4, 79],
    [3, 22, 5, 70],
    [2, 17, 4, 78],
    [2, 19, 5, 74],
    [2, 17, 4, 77],
    [1, 16, 4, 79],
    [2, 20, 4, 74],
    [1, 19, 4, 76],
    [2, 19, 4, 75],
    [2, 19, 4, 75],
    [2, 20, 4, 75],
    [2, 19, 4, 75],
    [2, 20, 4, 74],
    [2, 17, 4, 77],
    [2, 20, 4, 75],
    [2, 20, 4, 74],
    [2, 19, 4, 75],
    [1, 19, 3, 77],
    [2, 19, 4, 75],
    [1, 17, 3, 78],
    [2, 18, 3, 77],
    [1, 17, 3, 78],
    [2, 17, 3, 78],
    [1, 20, 4, 75],
  ],
  "https://born2be.pl": [
    [1, 26, 6, 67],
    [1, 27, 7, 65],
    [2, 32, 8, 59],
    [2, 31, 8, 58],
    [2, 31, 8, 59],
    [2, 29, 8, 61],
    [1, 29, 7, 63],
    [2, 28, 7, 64],
    [1, 28, 7, 64],
    [1, 28, 6, 65],
    [1, 28, 7, 64],
    [1, 29, 7, 63],
    [1, 27, 7, 64],
    [1, 27, 7, 65],
    [1, 26, 6, 66],
    [1, 26, 7, 66],
    [1, 24, 6, 68],
    [1, 23, 6, 70],
    [1, 22, 5, 72],
    [1, 15, 5, 79],
    [1, 13, 4, 83],
    [1, 10, 4, 85],
    [1, 10, 4, 85],
    [1, 10, 4, 86],
    [1, 11, 4, 84],
    [1, 11, 4, 84],
    [1, 10, 4, 85],
    [1, 9, 4, 86],
    [1, 10, 4, 86],
    [1, 9, 4, 86],
    [1, 9, 4, 86],
    [1, 10, 4, 86],
    [1, 10, 4, 86],
    [1, 9, 4, 86],
    [1, 9, 4, 86],
    [1, 8, 3, 88],
    [1, 7, 3, 88],
    [1, 8, 3, 88],
    [1, 8, 4, 87],
    [1, 8, 4, 88],
    [1, 6, 3, 89],
    [1, 7, 3, 89],
    [1, 7, 3, 88],
    [1, 8, 4, 88],
    [1, 7, 4, 88],
    [1, 9, 4, 87],
  ],
  "https://bringatrailer.com": [
    [3, 26, 9, 61],
    [4, 28, 10, 59],
    [4, 31, 12, 53],
    [4, 31, 11, 54],
    [4, 30, 11, 55],
    [4, 29, 10, 57],
    [4, 29, 10, 57],
    [4, 29, 10, 57],
    [4, 29, 10, 57],
    [4, 29, 10, 58],
    [4, 28, 10, 58],
    [4, 29, 10, 58],
    [4, 28, 9, 59],
    [4, 28, 9, 59],
    [4, 28, 9, 60],
    [4, 29, 9, 59],
    [4, 28, 8, 60],
    [4, 26, 8, 62],
    [4, 26, 9, 62],
    [3, 21, 8, 68],
    [3, 19, 7, 70],
    [3, 18, 7, 73],
    [3, 17, 7, 73],
    [3, 18, 7, 72],
    [3, 19, 7, 71],
    [3, 20, 7, 70],
    [3, 20, 7, 70],
    [3, 19, 6, 71],
    [3, 19, 6, 72],
    [3, 19, 6, 72],
    [3, 20, 7, 70],
    [4, 21, 7, 69],
    [4, 21, 7, 68],
    [3, 21, 7, 69],
    [4, 21, 7, 69],
    [3, 20, 7, 70],
    [3, 21, 7, 69],
    [3, 20, 7, 70],
    [4, 20, 7, 70],
    [3, 19, 6, 71],
    [3, 19, 6, 71],
    [3, 18, 6, 73],
    [3, 18, 6, 73],
    [3, 18, 6, 72],
    [3, 19, 6, 71],
    [4, 22, 7, 68],
  ],
  "https://btvnovinite.bg": [
    [2, 42, 9, 46],
    [2, 39, 9, 50],
    [2, 40, 10, 47],
    [2, 41, 9, 48],
    [2, 41, 9, 48],
    [2, 40, 9, 50],
    [2, 40, 9, 49],
    [2, 39, 8, 51],
    [2, 39, 9, 51],
    [2, 38, 9, 51],
    [2, 39, 9, 49],
    [2, 38, 9, 51],
    [2, 37, 9, 52],
    [2, 38, 8, 52],
    [2, 38, 8, 52],
    [2, 38, 8, 52],
    [2, 37, 8, 54],
    [2, 35, 8, 56],
    [2, 33, 7, 58],
    [2, 24, 6, 69],
    [1, 19, 6, 74],
    [1, 17, 5, 77],
    [1, 16, 5, 78],
    [1, 16, 5, 78],
    [1, 16, 5, 77],
    [2, 18, 5, 75],
    [1, 16, 5, 78],
    [1, 15, 5, 79],
    [1, 15, 5, 78],
    [1, 17, 6, 76],
    [1, 18, 6, 75],
    [1, 18, 6, 75],
    [2, 19, 7, 73],
    [2, 19, 6, 73],
    [2, 19, 6, 73],
    [2, 16, 5, 77],
    [2, 18, 6, 75],
    [2, 17, 5, 75],
    [2, 18, 6, 74],
    [2, 17, 7, 74],
    [2, 16, 6, 77],
    [1, 15, 6, 77],
    [1, 15, 5, 78],
    [1, 15, 6, 78],
    [1, 16, 6, 77],
    [1, 16, 6, 76],
  ],
  "https://businessinsider.com.pl": [
    [20, 19, 25, 36],
    [21, 21, 23, 36],
    [22, 19, 23, 36],
    [18, 21, 23, 38],
    [15, 20, 22, 42],
    [17, 19, 23, 41],
    [16, 18, 25, 42],
    [18, 16, 21, 44],
    [16, 17, 21, 47],
    [15, 19, 20, 46],
    [1, 26, 16, 57],
    [0, 11, 5, 83],
    [0, 11, 5, 84],
    [0, 11, 4, 85],
    [0, 9, 4, 86],
    [0, 9, 4, 87],
    [0, 9, 3, 88],
    [0, 8, 3, 89],
    [0, 7, 3, 89],
    [0, 5, 3, 92],
    [0, 4, 2, 93],
    [0, 4, 2, 94],
    [0, 4, 2, 94],
    [0, 3, 2, 95],
    [0, 3, 2, 95],
    [0, 4, 2, 94],
    [0, 3, 2, 95],
    [0, 3, 2, 95],
    [0, 3, 2, 95],
    [0, 3, 2, 95],
    [0, 3, 2, 95],
    [0, 7, 4, 89],
    [1, 8, 5, 87],
    [0, 3, 2, 95],
    [0, 3, 2, 95],
    [0, 4, 2, 94],
    [0, 4, 2, 93],
    [0, 4, 3, 93],
    [0, 3, 2, 94],
    [0, 3, 2, 95],
    [0, 3, 1, 96],
    [0, 3, 2, 96],
    [0, 3, 1, 96],
    [0, 3, 1, 96],
    [0, 2, 2, 96],
    [0, 3, 2, 95],
  ],
  "https://ca.shein.com": [
    [2, 30, 6, 61],
    [2, 33, 6, 58],
    [3, 39, 8, 50],
    [4, 41, 7, 48],
    [4, 42, 7, 47],
    [4, 39, 7, 50],
    [4, 37, 7, 52],
    [4, 38, 7, 51],
    [4, 37, 7, 52],
    [4, 38, 7, 52],
    [4, 38, 7, 51],
    [4, 38, 7, 51],
    [4, 38, 7, 51],
    [4, 38, 6, 52],
    [4, 38, 7, 52],
    [4, 39, 7, 51],
    [4, 37, 7, 52],
    [4, 34, 6, 55],
    [4, 34, 7, 56],
    [3, 29, 6, 62],
    [3, 24, 6, 67],
    [3, 21, 5, 70],
    [4, 23, 5, 68],
    [3, 22, 4, 71],
    [3, 22, 5, 69],
    [3, 23, 5, 68],
    [3, 23, 5, 69],
    [3, 22, 5, 71],
    [3, 22, 5, 70],
    [3, 22, 5, 70],
    [3, 22, 5, 70],
    [3, 23, 5, 69],
    [3, 23, 5, 69],
    [3, 22, 5, 70],
    [4, 22, 5, 69],
    [4, 21, 5, 70],
    [4, 22, 5, 69],
    [4, 21, 5, 70],
    [4, 23, 5, 68],
    [3, 22, 5, 70],
    [3, 21, 5, 71],
    [3, 20, 5, 72],
    [4, 21, 5, 71],
    [4, 21, 5, 71],
    [4, 21, 5, 71],
    [4, 23, 5, 69],
  ],
  "https://canaltech.com.br": [
    [2, 42, 10, 47],
    [38, 28, 13, 21],
    [39, 28, 13, 20],
    [42, 27, 13, 18],
    [41, 26, 14, 19],
    [41, 26, 13, 19],
    [43, 24, 14, 19],
    [41, 25, 14, 20],
    [40, 25, 14, 21],
    [39, 25, 14, 21],
    [37, 26, 14, 23],
    [37, 26, 13, 24],
    [35, 27, 14, 25],
    [34, 27, 14, 25],
    [34, 27, 14, 26],
    [34, 27, 13, 25],
    [34, 28, 13, 26],
    [34, 25, 12, 28],
    [35, 26, 12, 27],
    [31, 21, 11, 37],
    [27, 18, 10, 45],
    [27, 17, 9, 47],
    [26, 17, 9, 48],
    [28, 17, 9, 47],
    [27, 18, 9, 46],
    [29, 19, 10, 42],
    [28, 19, 10, 43],
    [26, 18, 9, 47],
    [25, 17, 8, 49],
    [26, 17, 9, 49],
    [28, 19, 9, 44],
    [29, 23, 10, 38],
    [32, 23, 10, 35],
    [32, 24, 10, 33],
    [28, 22, 9, 41],
    [32, 21, 11, 36],
    [35, 23, 10, 32],
    [35, 23, 10, 31],
    [36, 25, 11, 28],
    [31, 21, 10, 38],
    [28, 17, 9, 45],
    [29, 16, 10, 45],
    [29, 17, 9, 45],
    [28, 19, 9, 44],
    [28, 19, 8, 44],
    [4, 22, 8, 67],
  ],
  "https://casas.mitula.com.co": [
    [3, 43, 4, 50],
    [3, 43, 4, 50],
    [3, 45, 5, 47],
    [3, 45, 6, 46],
    [4, 45, 5, 46],
    [3, 44, 5, 47],
    [4, 45, 5, 47],
    [3, 44, 5, 47],
    [4, 44, 5, 48],
    [4, 44, 5, 48],
    [3, 43, 5, 49],
    [3, 43, 5, 49],
    [4, 43, 5, 48],
    [3, 43, 5, 49],
    [4, 42, 5, 50],
    [3, 35, 4, 58],
    [3, 30, 3, 65],
    [2, 29, 3, 65],
    [2, 28, 3, 67],
    [2, 21, 3, 74],
    [2, 18, 2, 77],
    [2, 17, 2, 79],
    [2, 17, 2, 78],
    [2, 18, 2, 77],
    [2, 19, 3, 76],
    [2, 19, 3, 76],
    [3, 18, 3, 77],
    [2, 17, 3, 78],
    [2, 18, 3, 77],
    [2, 18, 3, 77],
    [3, 22, 3, 71],
    [4, 25, 4, 68],
    [4, 24, 3, 69],
    [4, 24, 3, 69],
    [4, 25, 4, 68],
    [4, 23, 4, 69],
    [4, 25, 4, 67],
    [4, 23, 3, 69],
    [4, 23, 3, 70],
    [4, 20, 3, 73],
    [4, 19, 3, 74],
    [4, 19, 3, 75],
    [4, 20, 3, 73],
    [3, 20, 3, 74],
    [4, 19, 3, 73],
    [4, 23, 3, 69],
  ],
  "https://casas.trovit.es": [
    [3, 32, 8, 56],
    [3, 34, 9, 54],
    [3, 36, 9, 53],
    [3, 35, 10, 52],
    [3, 35, 10, 52],
    [3, 34, 9, 53],
    [3, 34, 10, 53],
    [3, 34, 9, 54],
    [3, 34, 9, 54],
    [3, 33, 9, 54],
    [3, 33, 9, 55],
    [3, 33, 9, 55],
    [3, 32, 9, 55],
    [3, 32, 9, 55],
    [3, 32, 9, 56],
    [3, 32, 9, 57],
    [3, 31, 9, 57],
    [3, 30, 9, 59],
    [3, 29, 9, 60],
    [2, 21, 7, 69],
    [2, 18, 7, 73],
    [2, 16, 6, 77],
    [2, 16, 5, 77],
    [2, 15, 6, 77],
    [2, 16, 6, 76],
    [2, 16, 6, 76],
    [2, 15, 6, 77],
    [2, 15, 6, 77],
    [2, 15, 5, 77],
    [2, 15, 6, 76],
    [3, 19, 7, 71],
    [3, 19, 8, 70],
    [3, 21, 7, 69],
    [3, 20, 7, 70],
    [3, 18, 7, 72],
    [3, 19, 8, 69],
    [3, 20, 9, 68],
    [3, 20, 8, 69],
    [3, 20, 7, 70],
    [3, 18, 7, 73],
    [2, 17, 6, 74],
    [2, 17, 7, 74],
    [2, 17, 7, 74],
    [3, 17, 7, 72],
    [3, 17, 7, 73],
    [3, 19, 8, 71],
  ],
  "https://case.trovit.it": [
    [3, 35, 7, 55],
    [3, 37, 7, 52],
    [3, 39, 9, 49],
    [4, 39, 10, 48],
    [3, 38, 9, 50],
    [4, 37, 8, 51],
    [3, 36, 8, 53],
    [3, 35, 9, 52],
    [4, 35, 9, 53],
    [3, 35, 9, 53],
    [4, 36, 9, 52],
    [3, 35, 9, 53],
    [4, 34, 9, 53],
    [3, 34, 9, 54],
    [3, 34, 9, 54],
    [3, 34, 9, 54],
    [3, 32, 8, 56],
    [3, 31, 8, 58],
    [3, 29, 8, 60],
    [3, 22, 7, 67],
    [3, 19, 6, 72],
    [2, 17, 6, 75],
    [2, 17, 6, 75],
    [2, 16, 6, 75],
    [2, 17, 6, 74],
    [3, 17, 7, 74],
    [2, 17, 6, 74],
    [2, 16, 6, 76],
    [2, 16, 6, 76],
    [2, 17, 7, 74],
    [3, 21, 8, 69],
    [3, 20, 8, 68],
    [4, 21, 8, 67],
    [3, 21, 8, 68],
    [3, 20, 8, 69],
    [3, 21, 8, 67],
    [3, 22, 9, 65],
    [3, 21, 8, 67],
    [3, 19, 8, 70],
    [3, 17, 8, 73],
    [2, 16, 7, 74],
    [2, 16, 7, 75],
    [2, 17, 8, 73],
    [3, 18, 9, 71],
    [3, 18, 8, 71],
    [3, 19, 9, 69],
  ],
  "https://cashkaro.com": [
    [4, 44, 17, 34],
    [4, 45, 16, 34],
    [3, 43, 17, 36],
    [20, 36, 19, 24],
    [21, 34, 17, 28],
    [20, 34, 17, 30],
    [20, 31, 18, 30],
    [22, 31, 18, 29],
    [20, 33, 16, 31],
    [22, 29, 16, 33],
    [16, 33, 16, 35],
    [15, 33, 16, 36],
    [18, 31, 18, 32],
    [17, 33, 17, 34],
    [20, 30, 16, 34],
    [21, 29, 17, 33],
    [24, 30, 16, 30],
    [22, 28, 17, 33],
    [23, 26, 16, 35],
    [19, 21, 13, 47],
    [16, 19, 12, 54],
    [18, 16, 11, 55],
    [13, 18, 10, 59],
    [11, 17, 10, 62],
    [14, 17, 10, 59],
    [12, 19, 11, 59],
    [11, 17, 10, 62],
    [10, 17, 9, 65],
    [11, 19, 10, 59],
    [12, 17, 8, 63],
    [14, 16, 10, 59],
    [15, 19, 11, 55],
    [15, 19, 9, 57],
    [14, 20, 10, 56],
    [14, 18, 8, 61],
    [12, 17, 11, 60],
    [13, 20, 10, 57],
    [16, 17, 10, 56],
    [16, 20, 8, 55],
    [13, 19, 8, 60],
    [13, 17, 7, 63],
    [14, 16, 8, 62],
    [14, 16, 7, 63],
    [14, 16, 8, 63],
    [15, 16, 8, 61],
    [23, 22, 10, 45],
  ],
  "https://cellphones.com.vn": [
    [1, 27, 5, 67],
    [1, 32, 6, 61],
    [2, 36, 10, 53],
    [2, 36, 10, 52],
    [2, 36, 10, 53],
    [1, 35, 9, 54],
    [2, 34, 9, 56],
    [1, 33, 9, 57],
    [1, 33, 9, 57],
    [1, 32, 8, 59],
    [2, 38, 9, 52],
    [1, 34, 8, 56],
    [2, 35, 8, 55],
    [2, 34, 9, 55],
    [2, 34, 9, 55],
    [2, 34, 9, 56],
    [2, 35, 9, 54],
    [2, 36, 10, 52],
    [2, 35, 10, 53],
    [2, 24, 8, 66],
    [2, 20, 7, 72],
    [1, 17, 5, 77],
    [1, 16, 6, 77],
    [1, 15, 5, 78],
    [1, 16, 6, 76],
    [1, 19, 7, 73],
    [1, 17, 6, 76],
    [1, 16, 5, 78],
    [1, 17, 5, 76],
    [1, 17, 5, 78],
    [1, 18, 5, 75],
    [1, 20, 6, 73],
    [1, 20, 5, 74],
    [2, 20, 6, 72],
    [1, 20, 6, 73],
    [2, 20, 6, 73],
    [2, 20, 6, 72],
    [2, 21, 6, 71],
    [2, 21, 6, 71],
    [2, 19, 6, 74],
    [1, 19, 5, 74],
    [1, 18, 5, 76],
    [1, 17, 5, 76],
    [1, 18, 5, 76],
    [1, 17, 5, 77],
    [2, 20, 5, 73],
  ],
  "https://chat.line.biz": [
    [15, 71, 2, 12],
    [15, 70, 2, 13],
    [13, 71, 2, 15],
    [13, 68, 2, 16],
    [11, 68, 2, 18],
    [10, 70, 2, 18],
    [9, 70, 2, 19],
    [28, 58, 2, 12],
    [48, 48, 2, 2],
    [46, 50, 2, 3],
    [44, 52, 2, 2],
    [43, 54, 1, 2],
    [45, 51, 2, 2],
    [42, 53, 2, 2],
    [42, 54, 2, 2],
    [42, 54, 2, 2],
    [44, 52, 2, 2],
    [42, 52, 2, 4],
    [40, 53, 2, 6],
    [37, 46, 2, 15],
    [35, 43, 1, 21],
    [36, 39, 2, 23],
    [33, 41, 1, 24],
    [37, 40, 2, 21],
    [38, 41, 2, 20],
    [35, 46, 2, 18],
    [34, 44, 1, 20],
    [34, 41, 1, 23],
    [35, 40, 1, 24],
    [35, 39, 1, 25],
    [33, 40, 1, 25],
    [33, 43, 1, 22],
    [31, 47, 1, 21],
    [29, 48, 2, 21],
    [21, 49, 2, 29],
    [20, 48, 1, 30],
    [21, 51, 2, 27],
    [21, 51, 2, 27],
    [23, 52, 2, 24],
    [21, 47, 2, 31],
    [24, 41, 3, 33],
    [21, 43, 2, 34],
    [35, 34, 2, 29],
    [33, 37, 2, 29],
    [37, 34, 2, 27],
    [38, 38, 2, 22],
  ],
  "https://chat.zalo.me": [
    [59, 31, 6, 5],
    [59, 31, 6, 4],
    [59, 31, 6, 5],
    [59, 30, 6, 6],
    [56, 32, 6, 7],
    [55, 32, 5, 7],
    [54, 33, 5, 8],
    [55, 32, 5, 8],
    [55, 32, 5, 8],
    [54, 32, 5, 9],
    [53, 33, 5, 9],
    [53, 32, 5, 9],
    [53, 33, 5, 9],
    [56, 29, 5, 10],
    [52, 33, 6, 9],
    [51, 33, 6, 10],
    [56, 29, 6, 9],
    [59, 25, 6, 10],
    [60, 23, 6, 11],
    [52, 18, 6, 24],
    [52, 14, 5, 29],
    [50, 13, 5, 33],
    [51, 12, 5, 32],
    [53, 13, 5, 30],
    [54, 13, 5, 28],
    [60, 15, 6, 19],
    [56, 15, 5, 24],
    [53, 14, 5, 28],
    [53, 14, 5, 28],
    [52, 15, 4, 28],
    [52, 14, 4, 30],
    [56, 13, 4, 27],
    [59, 14, 5, 23],
    [57, 14, 5, 24],
    [50, 13, 4, 32],
    [55, 13, 4, 28],
    [55, 13, 4, 28],
    [57, 13, 4, 26],
    [58, 15, 4, 23],
    [53, 13, 4, 31],
    [52, 12, 4, 33],
    [51, 11, 4, 34],
    [50, 11, 4, 35],
    [50, 12, 3, 34],
    [52, 12, 3, 32],
    [55, 13, 4, 28],
  ],
  "https://comfy.ua": [
    [1, 28, 8, 63],
    [1, 28, 8, 63],
    [1, 30, 9, 60],
    [1, 31, 9, 58],
    [1, 31, 9, 59],
    [1, 29, 9, 60],
    [1, 28, 8, 62],
    [1, 28, 9, 62],
    [1, 28, 8, 62],
    [1, 29, 8, 61],
    [1, 30, 9, 60],
    [1, 30, 8, 60],
    [1, 31, 8, 60],
    [1, 31, 9, 59],
    [1, 31, 8, 60],
    [2, 31, 9, 59],
    [1, 32, 8, 59],
    [1, 30, 8, 60],
    [1, 30, 8, 60],
    [1, 21, 7, 71],
    [1, 13, 4, 82],
    [0, 7, 2, 90],
    [1, 7, 3, 90],
    [1, 13, 4, 82],
    [1, 14, 5, 80],
    [1, 14, 5, 80],
    [1, 15, 6, 78],
    [1, 14, 6, 79],
    [1, 12, 5, 82],
    [1, 14, 5, 80],
    [1, 15, 5, 79],
    [1, 15, 5, 78],
    [1, 16, 5, 78],
    [1, 15, 5, 78],
    [1, 15, 5, 80],
    [1, 13, 4, 81],
    [1, 15, 5, 79],
    [1, 14, 5, 80],
    [1, 16, 5, 78],
    [1, 13, 4, 81],
    [1, 12, 4, 83],
    [1, 13, 4, 82],
    [1, 13, 4, 82],
    [1, 13, 4, 82],
    [1, 12, 4, 82],
    [1, 14, 4, 80],
  ],
  "https://de.shein.com": [
    [2, 17, 4, 77],
    [2, 20, 5, 74],
    [3, 26, 7, 64],
    [3, 26, 7, 64],
    [4, 28, 7, 61],
    [4, 30, 9, 57],
    [3, 30, 9, 58],
    [3, 30, 9, 58],
    [3, 31, 9, 57],
    [3, 31, 9, 57],
    [3, 32, 9, 56],
    [3, 32, 9, 56],
    [4, 31, 9, 56],
    [3, 29, 9, 58],
    [3, 30, 10, 56],
    [3, 30, 10, 56],
    [3, 29, 10, 58],
    [4, 29, 9, 58],
    [4, 27, 9, 60],
    [3, 23, 7, 67],
    [3, 20, 7, 71],
    [3, 17, 6, 74],
    [3, 18, 6, 73],
    [2, 17, 6, 75],
    [3, 18, 7, 73],
    [3, 18, 7, 72],
    [3, 17, 7, 74],
    [2, 16, 6, 76],
    [2, 16, 7, 75],
    [3, 15, 7, 75],
    [3, 16, 7, 75],
    [3, 17, 7, 74],
    [3, 17, 7, 73],
    [3, 17, 7, 72],
    [3, 17, 7, 72],
    [3, 16, 7, 74],
    [3, 17, 7, 74],
    [3, 17, 7, 73],
    [3, 18, 8, 72],
    [3, 17, 7, 73],
    [3, 16, 6, 74],
    [3, 16, 7, 75],
    [3, 15, 7, 75],
    [3, 16, 7, 74],
    [3, 16, 7, 75],
    [3, 18, 7, 72],
  ],
  "https://deezee.pl": [
    [1, 21, 5, 73],
    [1, 27, 7, 65],
    [2, 38, 11, 49],
    [2, 37, 12, 50],
    [2, 35, 10, 53],
    [2, 35, 10, 54],
    [2, 33, 10, 56],
    [1, 30, 8, 60],
    [2, 30, 9, 59],
    [2, 32, 8, 58],
    [2, 32, 9, 58],
    [2, 30, 8, 60],
    [1, 27, 8, 63],
    [1, 27, 8, 64],
    [1, 27, 8, 64],
    [1, 26, 7, 65],
    [1, 26, 7, 65],
    [1, 23, 6, 70],
    [1, 24, 6, 69],
    [1, 18, 5, 76],
    [1, 14, 5, 80],
    [1, 13, 4, 83],
    [1, 12, 4, 82],
    [1, 12, 4, 84],
    [1, 12, 4, 83],
    [1, 13, 5, 81],
    [1, 13, 4, 82],
    [1, 12, 4, 83],
    [1, 12, 4, 82],
    [1, 13, 4, 83],
    [1, 14, 5, 80],
    [1, 17, 6, 76],
    [1, 16, 6, 76],
    [1, 12, 4, 82],
    [1, 12, 4, 82],
    [1, 11, 4, 85],
    [1, 11, 4, 84],
    [1, 12, 4, 83],
    [1, 13, 4, 82],
    [1, 10, 4, 84],
    [1, 10, 4, 85],
    [1, 9, 4, 86],
    [1, 10, 4, 86],
    [0, 11, 4, 86],
    [1, 11, 4, 85],
    [1, 13, 5, 81],
  ],
  "https://depositphotos.com": [
    [5, 33, 12, 50],
    [6, 33, 12, 49],
    [7, 34, 13, 46],
    [7, 32, 14, 48],
    [6, 31, 14, 49],
    [6, 30, 13, 52],
    [6, 30, 13, 51],
    [6, 29, 12, 52],
    [6, 28, 13, 52],
    [7, 29, 13, 52],
    [6, 29, 13, 52],
    [6, 28, 12, 54],
